1.0,4.567072481121928e-13,3.9940266250453153e-07,3.374691413240175e-05,0.0019386220352419516,2.755869158283422e-16,1.2739045969752964e-10,2.2115753097294194e-12,2.167886978159408e-07,2.6310488485143075e-09,3.5015896873804114e-09,1.561499566022659e-12,5.647555516746835e-13,3.2040395176947438e-12,2.219764018039803e-11,3.7152805662053376e-06,0.0014945024016865018,1.597114664089439e-07,6.726349800767412e-13,9.736293897402682e-06,2.0321308864928603e-10,6.192522250970132e-10,8.472547707605481e-10,4.935317302722051e-08,0.00019430661837029604,3.718279724194165e-09,0.00057262423375427,1.4022743847938293e-10,1.9433034430569064e-07,1.0881289247362775e-12,3.6027507717292104e-11,7.148664936172847e-13,4.142534930411605e-06,1.2722535369572296e-05,7.037183269013712e-09,2.1734205454119678e-12,8.210428747690436e-12,6.078559703965578e-20,3.105664622430839e-11,3.4134681737571446e-06,4.93767201077204e-09,6.208328260819518e-09,1.7075404933985158e-07,0.009275960256475977,1.0905483065354197e-07,1.10812548389943e-09,5.899468408819371e-07,1.359904820670435e-07,2.920263892047976e-06,2.911400478615816e-16,5.89452042537333e-06,0.00019202850515686587,3.46816587730942e-05,3.2174068541714034e-08,1.0235301178027933e-15,1.5215730161474328e-06,5.634982014656735e-08,2.383426122048714e-16,5.96450065368586e-12,1.1207623462939045e-06,2.0872764312540206e-13,1.0867013995612458e-13,2.1568547142267712e-11,5.500567002017638e-13,4.949369306461075e-07,4.6225789845946385e-12,7.255870991595586e-11,2.8595280122720834e-06,6.88052702731634e-13,1.5402804895593508e-12,1.960756510771995e-06,1.0031732942228117e-08,1.4675104466194868e-08,3.3374471300880206e-17,5.462008840769434e-05,5.722820363127008e-14,1.6172439438951306e-05,2.2225881097388733e-06,1.6878243737677658e-09
4.567072481121928e-13,1.0,6.493623710357232e-11,2.065871558484383e-13,1.682585758380636e-11,1.2283105425334212e-09,5.631126705853649e-06,1.5101726044261304e-07,1.9372887245022056e-13,6.852397596394424e-05,7.349931667047788e-06,5.7287892238657124e-11,0.512857711923865,0.0049020348754238545,2.833633370243726e-12,9.4158104046882e-13,3.807806976888897e-11,5.592072843018131e-11,0.03809816619846514,2.6956200721273935e-10,0.0002210833671459993,0.00018326792810464262,3.7911970725102817e-13,5.038069781878117e-07,1.3603662846223608e-13,5.803473357567052e-05,6.470763959085879e-13,0.000413516483715155,1.496090976604691e-08,0.21537881351495913,1.0154097285524585e-09,2.6338546588691247e-07,1.462046055920977e-11,2.152130033836814e-12,6.685346622831174e-08,0.005345921753901625,0.030928826089558124,9.178640632630573e-08,4.041737840370295e-05,2.687432250414048e-09,7.896736536702126e-14,5.159488931039069e-07,3.9615637595529376e-07,5.261391464335206e-12,2.2260354832779433e-06,2.403655725448585e-06,3.3548996449847783e-09,2.4244142477762217e-07,9.136837973019703e-08,0.00047653795528779404,1.4896663999628584e-16,2.0923828698144703e-09,7.421883295951175e-09,1.9639400125682355e-08,0.002241092850338631,8.51301100216918e-09,7.866914773058034e-17,4.574272985392759e-05,4.4589691257934106e-13,3.921741293069658e-07,0.002048384528776461,5.810607880027521e-06,0.0010043602481105975,7.722319648900618e-05,5.4083078136454795e-12,0.0020001548747917534,6.962663016390275e-05,2.624349611092439e-18,9.217012789503828e-05,0.002938258587371414,3.436516183042509e-11,3.363247765402494e-05,1.247280271806674e-11,2.1897639232862752e-05,4.767070102215096e-11,0.001201513840488877,8.207627548691817e-09,1.329627317510113e-07,3.060033144636834e-15
3.9940266250453153e-07,6.493623710357232e-11,1.0,0.0005382767806639802,0.0001938076690006122,1.4716742990437828e-10,1.6332941851062074e-11,5.565713108441855e-07,0.002976118016344259,4.950101118447223e-09,7.40335941902761e-10,3.3977510151148722e-06,1.0816275349128782e-10,2.370420422231783e-11,5.023409418038343e-05,0.007589431676608976,4.671151213366612e-08,0.39299322462536723,1.660867799116881e-11,0.021323584544203036,3.3034821267557937e-10,1.3457848309244574e-09,0.0006074668101516856,1.9987673870188538e-09,0.00011830828052535516,7.693080297030257e-09,1.009470068246214e-09,3.3975083735812477e-10,5.088014580838964e-10,6.975411535821613e-11,5.1789269475955746e-05,1.4303303451783444e-07,0.0668427407907815,0.007889553861974295,5.019860364875847e-11,1.7044205980737514e-11,2.0990552250322817e-09,8.568636236308304e-18,3.536807997740323e-07,2.8378947827712157e-09,0.0006026155543869028,0.00010592638144024213,9.014260816045367e-05,4.532543361948994e-08,7.748415584420883e-06,1.6907264314203082e-05,0.015601339265064313,3.748019956498647e-09,3.5627544916696445e-05,3.616440347133721e-14,2.7712796485193247e-07,1.833489680820744e-05,3.177028059677606e-07,0.002783859765364369,2.940659279727873e-13,0.003202143488508183,8.783610274877662e-07,1.383291268580681e-12,1.1176237573136723e-05,8.809824880315813e-07,7.21928992583799e-10,5.685788874315841e-09,3.849908031679286e-08,8.998888320522099e-09,9.019572594573647e-12,1.0089725427510525e-08,4.2346614135291167e-07,5.338130141802695e-10,1.0217274091410907e-08,3.6257555265217467e-09,7.736169707257501e-11,6.648343399359498e-07,7.878274681452916e-13,1.066105798441581e-13,0.007040479529386815,2.4337487800772167e-10,0.00025276415875457106,2.303444690676704e-07,3.152214807377958e-05
3.374691413240175e-05,2.065871558484383e-13,0.0005382767806639802,1.0,0.0019003812128246802,8.264807750417969e-14,8.446695665033252e-13,3.051413699459958e-10,0.005305115630603261,1.1173445224349581e-10,3.83322685795178e-11,3.3619613232569343e-09,3.150589291011391e-13,2.2292387976252955e-13,1.4721025743573054e-07,0.05048181210987786,2.812161733328493e-07,0.0002939466015932848,9.615435608220972e-14,0.0007391959167398065,6.623393545550302e-12,2.59978021641515e-11,1.272717023810327e-05,2.391078188707911e-10,0.13871299772376944,1.724699734400577e-10,2.294418606895346e-08,5.758044278526675e-12,2.018873313461122e-10,2.973841990283639e-13,3.2913128304437094e-08,7.926832542020152e-11,0.007179225255447874,0.0664838587764071,1.0511315985812057e-11,1.5451682786186813e-13,6.192039191416708e-12,1.977271454173957e-20,3.658567416767038e-10,2.2981218631986135e-09,0.0001175283791863018,1.3437600503286096e-07,5.208479727698722e-07,7.18896549201186e-07,7.712903794093416e-08,1.9378338655762652e-08,3.960043681397655e-05,5.684528805107808e-10,1.2128919272908492e-06,9.910485334695188e-17,0.0004647723484061158,8.631993726635515e-06,1.515033528035208e-07,2.6466662402405776e-06,6.369500416972111e-16,2.3284725529144815e-05,0.000235630421504139,1.2890308433351485e-15,5.8502462329894145e-08,5.434359975951056e-08,8.700716399228743e-13,3.683182234469142e-12,6.54542404796782e-11,7.563392764531397e-12,3.931471193053438e-11,1.519966074395443e-11,5.433820047041528e-10,9.483082641089433e-07,8.824582121302953e-12,5.145426768664163e-12,2.3675886693953125e-10,4.973374668811497e-09,1.6931155174404711e-12,1.1168169331273695e-16,0.004177134408871524,2.6937532449591257e-13,1.5694423202119388e-05,3.0729554133686675e-08,4.98568060097817e-05
0.0019386220352419516,1.682585758380636e-11,0.0001938076690006122,0.0019003812128246802,1.0,1.1177944623904002e-13,3.191806238174734e-10,8.169693937266119e-10,3.433878428958166e-05,2.709237261312152e-08,1.354690237737884e-08,8.049400795207929e-10,2.338367860807364e-11,4.020756295890183e-11,9.995519125056826e-09,0.0006786915057910018,0.00010731438110530454,7.66388479648159e-05,1.2884100343085008e-11,0.004907397739701866,1.6516521101876053e-09,6.1222232021636135e-09,2.63388464534144e-07,1.0409023502997351e-07,0.003961609346425578,4.10300792259885e-08,4.139178668461815e-06,1.3257954783758532e-09,1.0515358317929128e-07,3.0699704897387107e-11,1.8234578501169842e-08,2.4704191064703426e-10,0.0016421580806790061,0.0027438165297691696,5.2442717001534844e-09,2.7491203985725678e-11,4.1909268877449887e-10,1.5890293984255328e-18,5.6599616912710816e-09,1.205644404236094e-06,9.88645675662133e-07,1.6351007776096386e-06,2.475264505287744e-05,0.00017467601180062032,7.395714514596579e-06,2.5633407670086093e-07,0.00025525294971598953,2.57355038489913e-07,0.00018217397113408105,8.356946127780385e-15,6.602993173246666e-06,0.00359181183209438,7.585468751060085e-05,1.2899926032886179e-05,4.121513122491246e-14,0.0004831696878866151,5.420746574876771e-07,2.6465443180635345e-14,2.445240595468803e-09,1.5583892704409746e-05,2.2607896649651346e-11,2.6004477256448524e-11,2.2192234738311264e-09,9.826688733942352e-11,1.4598894965759851e-08,4.768454254990203e-10,1.1313226252103489e-08,1.3369844443094117e-07,1.2018788773906143e-10,1.5661604365437805e-10,9.971159762280646e-08,5.002613727666752e-07,7.470152603386778e-10,2.945303022592921e-15,0.02744055631794232,6.405664274323058e-12,0.001988301032277309,1.2124446833458903e-05,1.7503427893398523e-07
2.755869158283422e-16,1.2283105425334212e-09,1.4716742990437828e-10,8.264807750417969e-14,1.1177944623904002e-13,1.0,3.1899105250421236e-14,0.00011661939965436478,2.5678744689052292e-12,5.6751270586235645e-12,2.6424411930573314e-13,6.34972649430504e-06,2.278825551437368e-09,8.660011762248129e-12,3.9558889817084706e-08,1.4290258017585236e-12,6.641157092883978e-16,2.8116531575087603e-10,4.7900364397666777e-11,2.0548558453480882e-11,2.4767818273296206e-12,5.189765545263944e-12,3.0276377017241643e-10,6.112531630501418e-14,1.746606449870148e-14,6.860935012516029e-12,6.8092479157434804e-18,4.204833800568275e-12,2.2605608164248008e-15,3.335429786082702e-10,2.2982599962057352e-06,0.0002955556661092634,9.988730016210998e-12,1.169636495541439e-12,1.972127702931862e-15,8.400292050363958e-12,5.211248718374354e-09,3.1073148009074093e-13,9.586774518403396e-07,1.830003428067912e-15,1.6385466279740923e-11,3.117430502649445e-08,6.413101123276941e-10,2.1524598796988113e-16,2.3173561148539943e-10,1.1658619650297473e-07,4.377200860119503e-10,5.151685516960908e-14,2.2190091790282293e-11,5.1298651766697796e-11,5.2896362299333133e-17,4.481593686123696e-13,6.758000492553792e-14,8.479511314642768e-09,6.617480403091103e-10,1.7796168345469045e-10,7.87543116904223e-16,5.506401130419679e-07,1.790868263004069e-08,3.3921550177947988e-12,5.975521313377575e-07,0.00016108215483790113,9.844226018971747e-08,9.921980258961732e-06,1.621130536071975e-18,1.874124304961566e-07,2.884066159240228e-07,7.908194247012335e-20,7.755894704599333e-06,2.5090026211254045e-07,1.5492035711094702e-17,4.312341230031031e-10,8.242485188330981e-19,4.6483266597285394e-08,2.6818425663907305e-12,9.060710521575573e-07,1.123767656335811e-11,4.858316612888022e-13,9.753780883344489e-13
1.2739045969752964e-10,5.631126705853649e-06,1.6332941851062074e-11,8.446695665033252e-13,3.191806238174734e-10,3.1899105250421236e-14,1.0,3.795457699743152e-11,9.461496884732612e-14,0.0022750038147030887,0.02119875317115997,6.185863014798547e-14,3.917690021152993e-06,0.0009155896828767897,1.721360126724846e-14,1.1358858340306265e-12,5.5228133595934605e-08,9.221609508837228e-12,8.531069860304393e-05,3.407778290328203e-10,0.012760242535392076,0.0048521059382842235,1.5921723394055945e-14,0.0025404576207487253,1.2735759321322503e-12,0.0015391890057472601,3.2382451251223513e-09,0.007581039305684364,0.0003057603661777183,2.605928898757101e-05,2.2451214490428883e-12,3.615899811877038e-11,1.2887359584260635e-11,3.927401043628122e-12,0.005117580546604248,0.0007193213876096022,5.36015135455908e-06,4.560173605401385e-11,1.8204222537934055e-08,2.043485297174384e-05,9.842519312724164e-15,9.791505822926233e-09,1.267620881161543e-07,6.299433782515829e-09,1.6078175093014552e-06,1.4163354420185682e-08,9.39404312555376e-10,0.0009296671570839841,4.1091432164337856e-07,6.869971344272875e-08,2.6249796457928975e-15,8.858422695686107e-08,2.9534824843964446e-06,9.764083374243862e-10,6.021515081139127e-08,5.096690923764652e-09,1.9999806480345237e-16,2.6054700059241406e-10,2.4781619599899646e-15,1.416030514252745e-05,2.8233492459284372e-08,1.9581005625443747e-10,3.04702859076063e-07,3.1653779227089225e-09,2.537823882997488e-07,1.6812006500092435e-07,5.631777321069054e-08,3.6517066406657654e-16,4.0730432543402275e-09,1.1019382851503616e-07,9.669796685232635e-07,8.984803244454746e-06,1.3435793864587068e-06,1.6695012595378765e-10,1.4341658866366774e-10,1.1128439686579896e-08,3.851108277495759e-08,2.630148203039899e-05,5.705758858966733e-16
2.2115753097294194e-12,1.5101726044261304e-07,5.565713108441855e-07,3.051413699459958e-10,8.169693937266119e-10,0.00011661939965436478,3.795457699743152e-11,1.0,4.265807202016001e-09,1.1870103986405247e-08,5.735590264956397e-10,0.0002990139763334796,2.942204375277518e-07,2.966518101312605e-09,5.28547895813612e-06,4.3834489826870695e-09,5.488491421821539e-12,9.025641538487634e-07,8.729458726835071e-09,1.3436872442973066e-07,2.8093589037629724e-09,7.708164946212126e-09,1.3244830104831354e-07,2.1027577762015326e-10,7.725170642587871e-11,1.560136683851386e-08,5.6834150869275303e-14,4.306493971466545e-09,9.659894560251468e-12,6.316504897851817e-08,0.0018929791028388181,0.24799555305204993,4.1819128441575024e-08,4.5689775821412745e-09,5.4055210462762574e-12,2.5585954317383543e-09,2.1170129881553513e-06,3.788003697953432e-13,0.001998250189920118,1.0585639073994289e-11,1.071062643938655e-08,0.00026295301710200483,5.177196553093906e-06,1.8385272144768218e-12,1.4911249914917538e-06,0.0008454780214883514,3.125494664563852e-06,2.0542472419523542e-10,1.7846580635040786e-07,4.961884932708471e-10,1.5478942200763017e-13,3.819389521512686e-09,4.925648288133226e-10,6.305758745215467e-05,6.417841924303802e-09,1.4529362852346335e-06,9.731971304191967e-13,4.532777116235409e-07,1.0895788397955265e-06,2.0915183803581488e-08,3.363562270925236e-05,0.004384726430220407,8.400483429007265e-05,0.0012580296150236548,9.657641239387406e-15,7.157219100326644e-05,0.0006716730147741882,3.384055866322684e-16,0.0011699356589633437,5.0189587902296144e-05,9.447939464011119e-14,1.732643239509387e-06,3.653100114303467e-15,2.7716377543030565e-08,1.672235870596494e-08,2.103448673102059e-05,9.634652673010624e-08,2.9326942135153353e-09,4.432259850815998e-10
2.167886978159408e-07,1.9372887245022056e-13,0.002976118016344259,0.005305115630603261,3.433878428958166e-05,2.5678744689052292e-12,9.461496884732612e-14,4.265807202016001e-09,1.0,2.256719772593395e-11,4.4522780410732685e-12,2.212692289910669e-07,3.2204637463468496e-13,8.17424265562098e-14,1.6736166256654738e-05,0.0505789008493278,3.6853802143131417e-09,0.0030560152256754345,5.232272531160166e-14,0.0002775770996343822,1.4144580584710019e-12,5.763957679327315e-12,0.0020821486769163123,1.7268921228681353e-11,0.0007414738732879208,3.5163708530831015e-11,1.828638424970988e-10,1.3833973080810893e-12,7.633742965709536e-12,2.1227233141604184e-13,1.0807463586075948e-06,1.0593579919942403e-09,0.007296644807117044,0.012470319846158585,5.341106386000448e-13,5.823591196896808e-14,6.260115908015441e-12,2.5918747036474094e-20,1.2039446326650846e-09,6.385389962472402e-11,0.022025278668353708,3.2340401898789713e-07,3.200833944904169e-07,6.809631483642047e-09,3.044187426126574e-08,5.362543183126118e-08,5.2811007012133786e-05,3.640642697093288e-11,2.288063231272066e-07,1.0779051727647231e-16,1.5995921625846933e-05,4.115625126998758e-07,6.02496365173314e-09,8.67727133511556e-06,8.878386884689406e-16,1.4069850911298711e-05,0.0002232550407381872,5.3725035975858495e-15,8.560830725802476e-06,6.4362217436103566e-09,2.4108031043581133e-12,2.9664539637185815e-11,1.1703576778712986e-10,3.5512502755704536e-11,5.032665484459203e-13,3.140476345851925e-11,1.3414874711024483e-09,1.4141094516226022e-08,3.9515484690457784e-11,1.1473492302492206e-11,3.5516774530681327e-12,2.332833233507375e-09,2.7783894101636046e-14,3.913069099932233e-16,0.0004611287283427586,8.439946588219073e-13,2.3764486508359833e-06,2.2937121347316403e-09,0.004702093631096579
2.6310488485143075e-09,6.852397596394424e-05,4.950101118447223e-09,1.1173445224349581e-10,2.709237261312152e-08,5.6751270586235645e-12,0.0022750038147030887,1.1870103986405247e-08,2.256719772593395e-11,1.0,0.04641155099812951,2.6027200386653123e-11,6.562622665720692e-05,0.0012156823447437637,7.492063106468514e-12,2.2264110767267694e-10,4.2805242000484134e-07,2.9947033092973155e-09,0.00022772575319150444,7.602296839690195e-08,0.0592779422957887,0.22536626172507657,5.9006592680913936e-12,0.0062976933143777305,1.251093099657765e-10,0.6417694581412787,8.781843605103966e-09,0.04876241132513888,0.00017603298131995125,0.00023662563972785117,9.67858177903806e-10,9.779208320260404e-09,2.902666587220901e-09,6.991549744011118e-10,0.00033516964365877744,0.0008245665129248472,0.00034374912615478314,2.080676987950913e-11,4.960046487820191e-06,3.90329839166818e-05,3.055830550498121e-12,4.303942137808499e-06,4.775934794617037e-05,5.383136120540221e-08,0.000604261423450767,5.918737440823542e-06,3.067685048594075e-07,0.003388361251404346,8.72463179253357e-05,8.555000749434213e-08,1.7929116547949025e-13,6.552906633937447e-06,6.879352948251217e-05,4.0353304560877824e-07,1.970930095410653e-07,1.5040894115262823e-06,2.7232318734473395e-14,5.209252149027301e-09,1.0772896188142518e-12,0.0017144314271141526,1.8153241053773632e-06,3.0062576259024846e-08,5.442220127815788e-05,4.4857895495626857e-07,6.373364265908823e-08,2.0809554655063944e-05,1.616632785419387e-05,9.152943538711378e-15,5.85155483661234e-07,1.0301811492284958e-05,4.52339373554785e-07,0.0039489376854676145,8.762684676718846e-08,1.6511059784490444e-09,2.3941901791160416e-08,5.738054413986494e-07,6.9449776752677e-06,0.0011765054948151736,1.5874785956746472e-13
3.5015896873804114e-09,7.349931667047788e-06,7.40335941902761e-10,3.83322685795178e-11,1.354690237737884e-08,2.6424411930573314e-13,0.02119875317115997,5.735590264956397e-10,4.4522780410732685e-12,0.04641155099812951,1.0,1.5473361259901458e-12,6.208300784597224e-06,0.00042073231964042404,5.875179532235355e-13,5.351249604855378e-11,1.0853354125877493e-06,4.0997650623659087e-10,4.928408781449628e-05,1.6039533731631124e-08,0.029676133251337115,0.03673629644930476,6.725119824420077e-13,0.05272086307029711,5.486453946821081e-11,0.03669006338339969,3.658820200912503e-08,0.01642555886946838,0.0019424846434111926,3.0029474761497653e-05,6.025834900487387e-11,4.598727583793799e-10,6.071087028824368e-10,1.842630216441175e-10,0.00679345932562308,0.00029401502094216717,2.116154932537102e-05,6.916842447698867e-12,2.3182475815524345e-07,0.0002351075142002445,4.469219776653006e-13,2.9277509814938565e-07,5.038296870061579e-06,1.2521321099246326e-07,6.241172116633895e-05,3.350291754307426e-07,4.126749980557041e-08,0.020315152858835932,1.9235541179122462e-05,2.0023769431622245e-08,1.0235557634315642e-13,3.7675588091822956e-06,9.708786621580071e-05,3.633701852606646e-08,3.11171189872009e-08,2.298447109042145e-07,9.041090368832809e-15,4.027003251569587e-10,8.526006065962335e-14,0.00066602162793793,1.0390651924467479e-07,1.4247869374509017e-09,2.5793685336272833e-06,2.1591828480906685e-08,7.28735358563459e-07,1.0415344381731167e-06,7.584889336004551e-07,1.0198183931272974e-14,2.8131663569247084e-08,5.449100791596545e-07,4.307735662182284e-06,0.00024753990011478204,1.4707017960720606e-06,1.6095288263312584e-10,6.716959256155718e-09,3.453604079024369e-08,1.8164023608475714e-06,0.0010954381664846676,2.6516564816417003e-14
1.561499566022659e-12,5.7287892238657124e-11,3.3977510151148722e-06,3.3619613232569343e-09,8.049400795207929e-10,6.34972649430504e-06,6.185863014798547e-14,0.0002990139763334796,2.212692289910669e-07,2.6027200386653123e-11,1.5473361259901458e-12,1.0,1.1084529270651952e-10,1.823279191387319e-12,0.006217796860698097,6.618682002149291e-08,5.64128529339662e-13,7.978369814757641e-06,4.021343826257591e-12,1.5246920923403526e-07,3.684642685996042e-12,1.2184648299330493e-11,4.4159783949954515e-05,1.1337237459627498e-12,5.608294041665253e-10,3.705356652466762e-11,7.817068213343722e-15,5.100482755475754e-12,8.905751104105911e-14,2.777151610987061e-11,0.02366368608419654,0.00010915885038674004,2.469798518736255e-07,3.799589287312401e-08,2.4198088254759828e-14,1.4967667723582053e-12,1.0638695457695033e-09,1.2389339693009036e-16,1.2623922651255438e-06,1.9951110145063385e-13,2.2509943018553217e-06,4.8557467209430975e-06,1.3513557024648995e-07,3.3668557832966124e-13,1.6034312731664436e-08,4.3670490497523256e-06,1.531003497221413e-06,1.4343253209813204e-12,6.957038540623232e-09,1.4855561409683778e-13,3.5938794748660142e-12,4.259235129507181e-10,1.7369536328544954e-11,1.3416150368526187e-05,1.9192083457650644e-12,3.1505960024739555e-07,9.733466768700971e-11,1.932632649345884e-10,0.0022591691100993334,3.0044127953005513e-10,1.0142418451857463e-08,1.6949288352739493e-06,4.587263122906732e-08,3.764114247527571e-07,2.573935268876102e-16,2.8641659841957062e-08,5.537467376301354e-07,3.6626518740108324e-15,3.5194702485192253e-07,1.737357818341085e-08,2.5154688374293295e-15,6.230562744911253e-09,4.7654531846807386e-17,1.1701955156278194e-11,2.8188602853155368e-08,6.332628293088129e-09,1.1810459752087213e-08,4.572996043398888e-11,1.5045081316472595e-07
5.647555516746835e-13,0.512857711923865,1.0816275349128782e-10,3.150589291011391e-13,2.338367860807364e-11,2.278825551437368e-09,3.917690021152993e-06,2.942204375277518e-07,3.2204637463468496e-13,6.562622665720692e-05,6.208300784597224e-06,1.1084529270651952e-10,1.0,0.0030161817056836935,5.343688535508384e-12,1.5022826064454931e-12,4.1741733016813934e-11,9.471299401505317e-11,0.02098589560882842,4.165560594271757e-10,0.00017537621985108426,0.0001614176473943576,6.830778828232305e-13,4.5349886722474865e-07,2.0032305574665688e-13,5.719898632064579e-05,6.726457564858077e-13,0.0003285168467992887,1.3152013779233886e-08,0.13593975596015798,1.9350480836051364e-09,5.133526402493969e-07,2.3338478056873085e-11,3.3634463026023765e-12,5.259181126711264e-08,0.003190482354956122,0.050431416607489135,6.226717925936359e-08,7.687379955641665e-05,2.565692800380262e-09,1.38068411074183e-13,8.921323880003462e-07,6.04237233006409e-07,5.9102503230623686e-12,3.146799004072234e-06,4.287338711289545e-06,5.429386115111764e-09,2.2534685030530124e-07,1.2491017355748372e-07,0.0003132001424430487,2.1803251108854532e-16,2.68235843019835e-09,8.311413098726388e-09,3.3634750454512205e-08,0.0017422687521817552,1.3220494459634022e-08,1.2530775944727624e-16,6.139744905104313e-05,8.446132020218437e-13,4.6647443305631674e-07,0.0038135876475778197,1.1094126923550731e-05,0.0018669257721256225,0.00014940480133052866,4.7023883843049705e-12,0.003867111874729233,0.00012921811779501735,3.509188424893246e-18,0.00017869725197739667,0.00572803450108109,3.094177326780035e-11,4.634557741904826e-05,9.893299533436803e-12,2.4903517371730488e-05,7.170679704120586e-11,0.002111682946477971,1.157195222033036e-08,1.4753526421885265e-07,5.31896381663846e-15
3.2040395176947438e-12,0.0049020348754238545,2.370420422231783e-11,2.2292387976252955e-13,4.020756295890183e-11,8.660011762248129e-12,0.0009155896828767897,2.966518101312605e-09,8.17424265562098e-14,0.0012156823447437637,0.00042073231964042404,1.823279191387319e-12,0.0030161817056836935,1.0,1.8219524428882037e-13,6.141414711805193e-13,6.112911699976908e-10,1.6804682119230396e-11,0.09316131737086093,2.1398906755090587e-10,0.013226529857519183,0.005142051669769474,5.494246046144435e-14,2.24829050352671e-05,2.094764428138961e-13,0.0008482106188822399,1.6230035140463038e-11,0.021506783355059088,8.823557048938987e-07,0.022145987620248355,4.7192901901040424e-11,3.979037551577338e-09,8.934298286241665e-12,1.7217372954036592e-12,6.960822112548666e-06,0.6782738094430011,0.0013438135564145962,1.511613034900678e-08,1.33723161913306e-06,9.973066937290658e-08,1.7934283185560943e-14,8.54750214257091e-08,2.5507267867423584e-07,7.372735624430269e-11,2.546369372967893e-06,2.472065754023032e-07,1.4978449019740882e-09,9.084535270927213e-06,1.7988760956459835e-07,4.739634675316913e-05,2.6863900820569263e-16,8.684682840732606e-09,8.642445374105628e-08,4.279344786644972e-09,6.020307963229073e-05,5.6512496673384995e-09,6.003614515593277e-17,2.58232132386496e-07,2.673790520364308e-14,2.280145470789381e-06,1.3304805613790564e-05,4.9912205057266554e-08,3.512109585614095e-05,7.729659219810131e-07,3.881064336794298e-10,3.479783129847275e-05,3.2845759862585697e-06,1.1246475643256581e-17,9.624657644729912e-07,3.289034863582215e-05,1.9882544420229607e-09,3.5036788238269924e-05,1.3882393785308003e-09,1.821688154496434e-07,5.228416856638453e-11,6.513478907496986e-06,1.3893533342768502e-08,1.439215985348387e-06,7.851224824220301e-16
2.219764018039803e-11,2.833633370243726e-12,5.023409418038343e-05,1.4721025743573054e-07,9.995519125056826e-09,3.9558889817084706e-08,1.721360126724846e-14,5.28547895813612e-06,1.6736166256654738e-05,7.492063106468514e-12,5.875179532235355e-13,0.006217796860698097,5.343688535508384e-12,1.8219524428882037e-13,1.0,2.820273692191962e-06,2.6821603071555874e-12,0.0001278109305846994,2.7901018629835395e-13,1.2444061387654058e-06,7.50174267868401e-13,2.7820714791115417e-12,0.005797237571570747,7.346462989088314e-13,2.168673448140262e-08,1.1169169459047261e-11,5.15881687085137e-14,9.391607307577444e-13,9.328082645601628e-14,1.7326899331496541e-12,0.0024244482635298655,1.5371709678514057e-06,5.31190345384543e-06,1.2082283109165078e-06,1.5588605716075772e-14,1.4217241981320252e-13,7.024242840042489e-11,2.1858245473501478e-18,6.87458462420446e-08,3.3225080967765726e-13,0.00028460219055559963,1.656856533748145e-06,1.0551817395376275e-07,2.3210259989841446e-12,9.147189791542474e-09,7.345006078293441e-07,5.010577027720856e-06,1.1096458105267364e-12,9.841005349713246e-09,4.024354460541649e-15,2.818198477213966e-10,1.4806369227394577e-09,3.5662967788060524e-11,1.531852333293813e-05,4.7934595130882175e-14,8.135976430450457e-07,1.213591218415894e-08,2.422123730820008e-12,0.14350164313156044,2.874772010388469e-10,2.616554362630101e-10,2.3499178007421922e-08,2.790380542489243e-09,8.412199218860772e-09,6.635466878800986e-16,1.2727218019848756e-09,3.961725143402175e-08,2.3675857936211397e-13,8.304781862388184e-09,6.366026342873812e-10,6.096547813187493e-15,1.862922062473998e-09,7.86280153720179e-17,1.4740773142423204e-13,3.5781390868618365e-07,1.3436381218133378e-10,3.257271533853083e-08,5.1988586984714605e-11,2.3098780356311472e-05
3.7152805662053376e-06,9.4158104046882e-13,0.007589431676608976,0.05048181210987786,0.0006786915057910018,1.4290258017585236e-12,1.1358858340306265e-12,4.3834489826870695e-09,0.0505789008493278,2.2264110767267694e-10,5.351249604855378e-11,6.618682002149291e-08,1.5022826064454931e-12,6.141414711805193e-13,2.820273692191962e-06,1.0,7.283350886921002e-08,0.0048061738516282405,3.28603454980023e-13,0.0028484551395241914,1.347148441177214e-11,5.4429449658490205e-11,0.00020341875326553471,2.4388282806546064e-10,0.007688579274310015,3.464679231311766e-10,3.475867945284415e-09,1.2565037606384273e-11,1.28228074783188e-10,1.1794181572124038e-12,5.971516182700875e-07,1.1159568173506224e-09,0.06436928800585157,0.24442775575535067,8.259978536005834e-12,4.3176737893775623e-13,2.9772579140778037e-11,1.0199898490451881e-19,3.1129912455639218e-09,1.151805097649617e-09,0.00129761999557178,1.0608513210985008e-06,2.1418048640183957e-06,1.3255532782937544e-07,2.4104988353146945e-07,1.5868134325354326e-07,0.0002704408179239696,5.345405995422436e-10,2.509241753640149e-06,4.747827426576957e-16,3.491672470970632e-05,6.9176664819681025e-06,1.0249734649096259e-07,2.5111959180543752e-05,3.461999376637759e-15,0.00010303521849318693,8.340452709506888e-05,1.144256914663473e-14,1.0441484420816578e-06,8.017499851717474e-08,6.6486186655783006e-12,4.324672864696964e-11,4.2024553913003746e-10,7.271846293865407e-11,9.930394227617358e-12,1.0338652338761003e-10,4.097182300006349e-09,5.1504726189892567e-08,8.3319657790687e-11,3.601733119173288e-11,6.94967746628575e-11,1.6668361942570293e-08,5.375322971542165e-13,9.165080632847866e-16,0.007435185709013293,2.1598614596533917e-12,2.9314309187657137e-05,3.287032096627271e-08,0.00024981791905276173
0.0014945024016865018,3.807806976888897e-11,4.671151213366612e-08,2.812161733328493e-07,0.00010731438110530454,6.641157092883978e-16,5.5228133595934605e-08,5.488491421821539e-12,3.6853802143131417e-09,4.2805242000484134e-07,1.0853354125877493e-06,5.64128529339662e-13,4.1741733016813934e-11,6.112911699976908e-10,2.6821603071555874e-12,7.283350886921002e-08,1.0,1.866114936897792e-08,9.789859591962284e-11,2.1105192249934293e-06,4.498817990382542e-08,1.1315226135913412e-07,3.7240834011918744e-11,1.8648078447272473e-05,1.050386223358566e-06,5.600200141460335e-07,0.010102075947726004,2.8422852786689475e-08,0.00011849322712548531,1.1253053979988667e-10,1.9542262146761772e-11,2.2246724877001126e-12,2.321249470093779e-07,2.9489089534917624e-07,4.2359243666716286e-06,4.173130234506569e-10,4.391386713250167e-10,9.326851150331662e-18,2.947012791862485e-10,0.002131375210085061,1.1067864480725342e-10,2.083385539006154e-08,1.0329413624386208e-06,0.11385870236005055,1.8996452106524118e-06,5.493851591179019e-09,3.6518634094115013e-07,5.115910656085779e-05,2.9579474643947697e-05,3.662034738776269e-14,1.0093738891149153e-08,0.001251959934710346,0.004854343075151743,3.4725670168162394e-08,9.269914996754089e-14,1.7435247576270496e-06,1.5983997215113107e-10,7.201642875980898e-15,5.371000748689726e-13,6.965937354344178e-05,5.351994584649552e-12,8.190424308245101e-13,4.807771545769953e-10,6.53150953125848e-12,0.00013502815679493856,1.1105864376126767e-10,8.380077664856943e-10,5.450578942164259e-09,8.396619677871153e-12,3.962697532516111e-11,0.0008335001528442152,3.3492697876764843e-07,5.867418340793998e-06,1.406171041888133e-15,4.9565268924858755e-06,1.4697478321183068e-12,4.3646790493128524e-05,0.0002821029613179406,1.9029127725858608e-11
1.597114664089439e-07,5.592072843018131e-11,0.39299322462536723,0.0002939466015932848,7.66388479648159e-05,2.8116531575087603e-10,9.221609508837228e-12,9.025641538487634e-07,0.0030560152256754345,2.9947033092973155e-09,4.0997650623659087e-10,7.978369814757641e-06,9.471299401505317e-11,1.6804682119230396e-11,0.0001278109305846994,0.0048061738516282405,1.866114936897792e-08,1.0,1.2804257871350035e-11,0.008697525636547082,2.0660856419870948e-10,8.38832069931624e-10,0.0013452485894212827,1.010390054811285e-09,5.8809440280539985e-05,4.6432430741147976e-09,3.972983601655972e-10,2.1746191758459041e-10,2.348517636889581e-10,5.658105142166248e-11,0.00010811855018659815,2.285025297461179e-07,0.030724207781503345,0.004073979792300733,2.4595939450226174e-11,1.2172712794921364e-11,1.8050413497299797e-09,8.249965657540392e-18,3.9321928289642133e-07,1.2413247802820632e-09,0.0010127822638591039,0.0001020540758407983,5.917563554025621e-05,1.7845075079362344e-08,4.866214379597297e-06,1.7415726345263827e-05,0.009734577283378383,1.847557238561372e-09,1.837672561149057e-05,3.2972781543475164e-14,1.678226606706146e-07,7.751268206214932e-06,1.3950593977065143e-07,0.0027571525792530207,2.812047878601025e-13,0.001766229935664711,7.546498810592494e-07,1.6783584218938841e-12,2.829031596203777e-05,4.513743405209178e-07,7.881741900491594e-10,7.989736531636056e-09,3.71853328404105e-08,1.107829512600213e-08,3.7039383107331066e-12,1.0168243892885346e-08,4.365582418255272e-07,2.8016983931182656e-10,1.2429463342553051e-08,3.738621341839092e-09,3.207164726326326e-11,4.5374836693699526e-07,3.3503652134227056e-13,1.2484751261282657e-13,0.0027773668729776505,2.742637891867786e-10,0.00011716741305606255,1.1131516869442374e-07,4.671982389393923e-05
6.726349800767412e-13,0.03809816619846514,1.660867799116881e-11,9.615435608220972e-14,1.2884100343085008e-11,4.7900364397666777e-11,8.531069860304393e-05,8.729458726835071e-09,5.232272531160166e-14,0.00022772575319150444,4.928408781449628e-05,4.021343826257591e-12,0.02098589560882842,0.09316131737086093,2.7901018629835395e-13,3.28603454980023e-13,9.789859591962284e-11,1.2804257871350035e-11,1.0,1.0886558989771184e-10,0.001656151522361014,0.0008461652280301278,5.680437095644919e-14,2.7564280097124143e-06,7.810013391695307e-14,0.00016982415519493826,2.21670965793517e-12,0.0029219253210837864,9.738775696391265e-08,0.13574162289471037,8.683688563568113e-11,1.3570828571799498e-08,4.9802195558836526e-12,8.48976183585984e-13,6.765478075104071e-07,0.11572328499740929,0.0037655862966926657,8.929507621040765e-08,3.18201905731715e-06,1.2466568800602412e-08,1.5030960998787657e-14,9.165862067463462e-08,1.5285105073007497e-07,1.2258847515706879e-11,1.245437976242892e-06,3.346430749611393e-07,9.900661262319775e-10,1.1683169781575319e-06,6.706093421875189e-08,0.0003699995645370483,9.20270888042815e-17,2.3249743461923456e-09,1.5989127948087352e-08,3.920504372908763e-09,0.000608891088057898,3.1878750680883584e-09,2.914920086360275e-17,2.598863833332457e-06,4.213312891417576e-14,5.708604797433186e-07,8.011712509118821e-05,2.424277124607329e-07,8.746716471698505e-05,3.4512412676525215e-06,3.994307064335275e-11,0.00012108801977129138,6.6954266650632166e-06,2.7372197119116692e-18,4.196171863456005e-06,0.00014338503013711228,2.1618756928286805e-10,1.9138959673018253e-05,1.3197083074775213e-10,1.952427403547199e-06,2.3018573367164405e-11,4.581262622449419e-05,5.346727202485481e-09,2.8166778999871196e-07,6.167886495716125e-16
9.736293897402682e-06,2.6956200721273935e-10,0.021323584544203036,0.0007391959167398065,0.004907397739701866,2.0548558453480882e-11,3.407778290328203e-10,1.3436872442973066e-07,0.0002775770996343822,7.602296839690195e-08,1.6039533731631124e-08,1.5246920923403526e-07,4.165560594271757e-10,2.1398906755090587e-10,1.2444061387654058e-06,0.0028484551395241914,2.1105192249934293e-06,0.008697525636547082,1.0886558989771184e-10,1.0,4.643745721152944e-09,1.8821174659575738e-08,1.3647239185349061e-05,5.8457457317780446e-08,0.00034823594312385827,1.1840156024427236e-07,4.0518865791789724e-08,4.378281288365755e-09,1.9570788824045412e-08,3.6708743088053604e-10,3.697195599527553e-06,3.8415546895898164e-08,0.03768397016560283,0.007786528022930475,1.6467478869038034e-09,1.501407880954819e-10,8.224179065566348e-09,2.6405182120786605e-17,4.127543535841286e-07,1.2329727450682622e-07,2.0574616856450705e-05,0.00015038588427786957,0.0006747716675180049,1.8198539714463526e-06,8.358991698485983e-05,2.165525544449287e-05,0.040479740325617464,1.182663447711112e-07,0.0008191497958474577,1.305409043826901e-13,4.035066616448705e-07,0.0008351999326628974,1.3556025867010232e-05,0.0020373598631010063,8.590358504358855e-13,0.031402073250209675,2.6775246647027205e-07,1.4906876293713218e-12,2.5448482133729636e-07,2.3017479255988427e-05,1.0912231734975628e-09,2.8599903116998377e-09,8.697556335074286e-08,7.787033330427112e-09,4.229829421055232e-10,1.9911842082235884e-08,6.693155161575108e-07,1.9583087428748416e-09,9.258443417933575e-09,6.686817564486446e-09,3.6198156315850925e-09,5.647894496595556e-06,3.604146768444648e-11,1.3714506541501038e-13,0.12150932410149155,3.297088078174177e-10,0.0083494125682753,7.500072014229117e-06,1.548419450291498e-06
2.0321308864928603e-10,0.0002210833671459993,3.3034821267557937e-10,6.623393545550302e-12,1.6516521101876053e-09,2.4767818273296206e-12,0.012760242535392076,2.8093589037629724e-09,1.4144580584710019e-12,0.0592779422957887,0.029676133251337115,3.684642685996042e-12,0.00017537621985108426,0.013226529857519183,7.50174267868401e-13,1.347148441177214e-11,4.498817990382542e-08,2.0660856419870948e-10,0.001656151522361014,4.643745721152944e-09,1.0,0.2451167001637576,4.512746958997423e-13,0.0016516610121800179,7.487229736863142e-12,0.03834609285418689,1.2253559557601152e-09,0.5338344408504965,5.790119774157755e-05,0.0009467836064354692,1.2456417647230856e-10,2.7751700877204613e-09,1.7862582824782078e-10,4.186535797139739e-11,0.0002998266378929593,0.009100457183967398,0.00037828602011440746,2.010278288427901e-10,1.376422123459694e-06,7.373786268233091e-06,2.09311082260166e-13,4.527560654132861e-07,3.4569685910518746e-06,5.358641197082632e-09,4.239916952909481e-05,8.125305521548108e-07,2.0885774259996366e-08,0.0006814775319438191,5.209940107024266e-06,6.526562156528153e-07,1.0993840137012114e-14,4.1450338108863003e-07,5.775032087786685e-06,3.3812785520462115e-08,1.0472161948970549e-06,9.742311940275223e-08,1.6158310119825458e-15,1.0798068770349255e-08,1.0767060162275589e-13,0.00010587580670172494,1.8679808170724386e-06,1.50988712406045e-08,2.3877464453924676e-05,2.431191991681715e-07,2.2411323574323756e-08,1.2866495041124033e-05,4.181420102591757e-06,6.517047691852914e-16,3.1349633109920553e-07,8.047854081655301e-06,1.2826395542769064e-07,0.0003786198840923305,5.620008035464875e-08,4.940442327639049e-09,1.4242530183110135e-09,6.843173631213316e-07,4.125984147222356e-07,8.929903438000272e-05,1.0450708516893586e-14
6.192522250970132e-10,0.00018326792810464262,1.3457848309244574e-09,2.59978021641515e-11,6.1222232021636135e-09,5.189765545263944e-12,0.0048521059382842235,7.708164946212126e-09,5.763957679327315e-12,0.22536626172507657,0.03673629644930476,1.2184648299330493e-11,0.0001614176473943576,0.005142051669769474,2.7820714791115417e-12,5.4429449658490205e-11,1.1315226135913412e-07,8.38832069931624e-10,0.0008461652280301278,1.8821174659575738e-08,0.2451167001637576,1.0,1.7980602992769513e-12,0.0027398051596924265,2.8518093558133905e-11,0.1489968979287582,2.601034523159858e-09,0.21633663087051838,8.128757434616666e-05,0.0007029255423545004,4.2710698575438603e-10,7.073799199287052e-09,7.256410191843789e-10,1.6801984671381624e-10,0.0002610067658534237,0.003490432756789986,0.000562979230921166,8.202669372427138e-11,3.6105569304946093e-06,1.357668771880062e-05,8.501160346612442e-13,1.6725684103612204e-06,1.397735213690272e-05,1.3891389545020526e-08,0.00017232264905165705,2.7632462509254753e-06,8.496658435586174e-08,0.001268349883129516,2.0803852669630554e-05,3.130959691181888e-07,4.0485307231953163e-14,1.4773677407165942e-06,1.6796489708104047e-05,1.3243368073707458e-07,6.287072608974612e-07,3.974559507479374e-07,6.39705981363057e-15,1.0832311029133418e-08,3.992394703237058e-13,0.0003863984905022448,2.729698796807094e-06,3.023763407641386e-08,5.268640043333857e-05,4.7521002869307743e-07,2.9126196445064223e-08,2.424619722866828e-05,1.1343711282876285e-05,2.1019057625527498e-15,6.166454518286484e-07,1.3554827441238326e-05,1.8740729221282153e-07,0.001461755927029989,5.404896199574063e-08,4.061934851859749e-09,5.6684805239583575e-09,9.248819642299267e-07,1.6358432723498385e-06,0.0002786163041939731,4.260064227978006e-14
8.472547707605481e-10,3.7911970725102817e-13,0.0006074668101516856,1.272717023810327e-05,2.63388464534144e-07,3.0276377017241643e-10,1.5921723394055945e-14,1.3244830104831354e-07,0.0020821486769163123,5.9006592680913936e-12,6.725119824420077e-13,4.4159783949954515e-05,6.830778828232305e-13,5.494246046144435e-14,0.005797237571570747,0.00020341875326553471,3.7240834011918744e-11,0.0013452485894212827,5.680437095644919e-14,1.3647239185349061e-05,4.512746958997423e-13,1.7980602992769513e-12,1.0,1.4357048676146613e-12,1.772426693751717e-06,9.070044521220767e-12,1.0903258001235939e-12,5.060527325045722e-13,3.1595174160308955e-13,2.9992023078101356e-13,6.562810608054703e-05,3.416915165595196e-08,0.00015589362589422793,6.594773043619169e-05,3.397102349340194e-14,4.094189858009912e-14,1.1369182688946738e-11,1.1464463971449447e-19,6.430400189787569e-09,1.7265846605758357e-12,0.049078849084179914,6.159282096883721e-07,1.2304905735045845e-07,4.6682845894811806e-11,9.67229603297743e-09,1.566911664449575e-07,1.5668116650628498e-05,2.5582292616589735e-12,2.6123654773486154e-08,3.215052515927777e-16,4.277647838264836e-08,1.1407084462218749e-08,1.9305650469437814e-10,1.2573059983891402e-05,3.3480498838033292e-15,2.5948317230473086e-06,2.0813036686205e-06,7.015768700767102e-14,0.004020466244510624,6.443989310527057e-10,1.5367368194893365e-11,6.173685875835004e-10,3.5224042075230937e-10,3.749120456923098e-10,6.178473668634035e-15,1.2239291356598388e-10,4.975660801531184e-09,3.3251943631254695e-11,3.910733285506337e-10,5.19445799282764e-11,5.1055017838607995e-14,1.1549208523376118e-09,4.921131520780561e-16,4.472123738432447e-15,7.483575259029068e-06,6.544299592447971e-12,1.5768396488001262e-07,1.515404308512788e-10,0.003052083479831638
